76030731
77137695
45261262
76814232
66775017
46180477
95087748
15503892
74640520
59938527
48871254
68846593
21380301
94001809
81790794
85039685
21498654
49174890
34515237
35593498
85580870
33222018
27492100
24569849
70845331
34369308
83022881
96189637
41233339
18677664
56747196
82462492
88300678
63520549
39366827
90571439
86430510
22985086
13068920
51243777
38049404
94810485
42240428
13881569
97581116
20215413
83010595
11762985
66761050
38386245
13863360
30091500
49929619
25926443
34311654
46120890
90058019
11883910
24950352
12630238
99948144
26504244
59233201
46963041
24051332
57430763
82090329
40803663
38991172
69393505
74378809
85296431
92534656
32381452
82633308
60544787
52771852
32379400
64812694
73027660
96271946
61693475
13883175
36745853
25581637
31531417
83650773
98471591
69901219
39743825
82846498
42087186
11197951
49002298
72388613
14147347
78412375
15323980
30875478
46536158
14000591
79842644
68379461
23155053
85230953
45660698
88773347
36374378
26238435
48226988
86668487
20546121
99017519
56603049
93139259
74592607
12166408
32006390
90643145
39298465
93563967
12558038
96643827
22406456
26466034
76424896
75759169
36157136
94573084
82102850
98745372
29387538
55568453
51671075
30616281
50410087
23495993
17383970
53095417
85369313
80039970
74401113
40522359
79115352
61651208
35220229
93038539
55290277
51222178
17402724
98326233
27854843
98672562
81904488
77533727
16541850
73622030
45467628
36832671
37053728
10922395
25855956
57707439
45076962
35802726
69553699
12761996
78265836
98903117
76588685
65231978
74368736
69819278
46433638
78105857
99307598
57750088
99014520
97648866
40616620
54309270
23610032
41731408
68537752
66788133
32279915
51264237
90607808
28766838
88602325
81878794
90779631
84620863
79568108
44298214
42341928
67315620
81243280
19577746
55935123
13287489
25080568
74544478
70441389
46014222
76893544
65979581
50647141
48455651
57699035
44527437
34029052
78990043
96571272
37524639
25202386
44197306
52326976
98002469
43472443
19999777
35557537
46203280
40551342
26843100
19815880
63314074
34335921
67507268
30725451
66578202
67784566
55688942
74555563
98901491
18593280
16261347
92613939
89242558
66669180
83953045
95752664
29091476
22814753
97571472
18271955
63282312
37786619
32883755
54505919
86153838
87568804
78765038
43899670
50937908
11868707
56556532
37287667
12650162
98090676
88568633
63126550
39728796
67617029
46987085
33363022
56934271
76423928
94111057
76670243
63550683
31986520
76850509
87912707
21723334
62412506
43567872
53469302
11732312
40045802
37224618
94192683
98471458
49739909
14128049
28296397
73516878
17026762
69205779
71554059
79874810
80679707
47571234
68323164
80546473
28973491
65290290
33183986
15442320
27491878
31208093
12138182
66303852
22008373
34135827
95805357
64574076
99201066
90116237
59898771
97631372
24935122
97166854
38630205
54415576
52031449
15849412
85762320
42840802
72981269
48487871
68333075
73265934
34787574
43271962
45414611
72709214
83010441
29493247
67464009
94342159
36459255
34353699
76416288
21685991
20697949
16808340
89676930
34847779
40940894
49171473
54790777
72130071
22981802
79869403
92777726
82961765
87039867
20396575
24136393
96222098
44321818
55626170
38757350
22706373
59646539
78907700
49409283
24616765
29649128
25819526
76124015
17769219
31785585
33462842
30227994
34714753
99450685
82264241
63754972
97875569
85771067
11782000
22842352
24069059
83022156
98210777
77573916
25726845
78604306
46754856
58928605
50855820
84886811
72924058
38063537
84479224
32703850
91551752
54132665
79322078
24515392
79280620
57715886
18971442
84077897
66185056
34985158
83022291
14130701
16167021
97161704
57953227
96227215
94699378
44864992
52333707
50941477
29634919
82379895
28341590
84139355
71120451
64312696
99797508
85445688
14939217
70381513
31801078
60770655
46652864
78141320
21414717
25111422
24354683
24029818
79512755
53467478
21249136
66045682
31513472
72990280
72739124
98653772
99072194
81083452
59422882
90368318
73148338
88452068
37558519
78808829
55690506
20957732
27014099
74274712
30007683
17014814
17224133
20074919
99547858
14220428
41493806
27490705
98357345
37060994
27126174
25786142
97065251
93807636
78379564
87911882
68315309
27086581
77882256
46960665
85756107
41656447
61061015
14970573
16651348
76824845
22857316
29309078
11988709
27561243
62064284
73515975
16893299
35729798
13978180
20654185
40797597
13549958
90950624
47605756
73180260
18627512
26851200
26790050
87400966
36569041
16932446
38728513
34760717
75737218
50673984
65049466
63399230
48981044
86007858
80476669
15738600
69607662
47214296
42851902
51397065
67547265
12451218
14173248
37816812
86541800
25582718
68528103
68074957
70882093
90007353
45103217
11945693
95478919
78757840
52470899
34560365
50238524
46601596
91965378
25867732
88946804
62150442
68714825
69585443
53703873
31817164
60220616
84597060
11859068
83914353
34822071
59469225
63837889
81344081
79708510
18317031
19411904
22790211
63749908
25898977
38019208
98393088
58031055
68902771
50068061
82385913
15382935
18070354
76360688
90382202
84399237
42459974
40181037
52375582
55147246
26740345
22317735
15087023
71574342
89857983
68227876
16707652
37438924
52655626
97591990
98101641
23729768
56664677
11479593
85851157
50293392
17293957
73543271
37108903
62582179
67234442
54465326
88911950
70839932
71095393
40776610
99445767
63988080
76974966
91423602
34989807
44230935
72875256
76062254
77418557
47127696
33349750
98059649
99545937
42169097
97202252
78997365
48613875
36821632
52610716
79880175
41842266
37826913
40171880
86249419
44971531
87922072
87690255
71875242
67407331
36974921
50164262
63257964
98619200
16860434
95489489
49309183
15733502
48424605
55463504
92999476
43662111
31486743
74893627
75126379
24185658
15485632
11915944
51756033
39760673
52471464
11024208
58790338
87522148
64571276
77661612
46798416
99333565
20630661
31368884
61359680
25384034
23273894
32146587
84397795
86933290
68276443
52057933
73949907
80274205
43375180
51843676
60620552
84123810
85173780
67958315
51652035
62026667
33035173
33327569
83952548
32936979
30814398
57535607
40794610
37816189
50438610
41711093
60294902
80228632
43407118
77157268
85261405
26859357
23943795
79366723
57095474
13783298
38796410
79041825
40627506
67203968
53574892
83410024
61311732
94466786
18793852
70361624
65793036
90096403
62998425
63556342
62226964
79946412
50675722
50820487
25443362
27860923
46726456
27373393
77264117
27763154
47692704
64325294
48295019
43651868
83140277
39099949
24742789
87257550
41371216
45293214
17369968
74972937
14944873
11980762
80933990
10950727
39542621
74355966
89114704
54405557
39095258
89952074
75230727
42709214
18536649
52615738
45293970
71679811
43619533
92824495
61117917
72201139
39169177
90236630
80493513
22254877
85020414
47485412
64262948
52947643
13866077
76654282
96633070
75081571
57452476
10830475
98392318
62681596
77241753
81257338
52688461
49800347
15914840
22747048
23035586
92957908
15003896
14656766
42711679
42818013
87395413
19368451
62016048
88431130
33852554
40706468
12705136
70319963
49616713
57770320
27242015
78583750
17359747
50116392
41914084
43105881
56219315
56936194
12875159
64956313
84941927
88145649
77053566
23461460
26745560
99524948
95331048
86705619
71036783
73799937
49852505
63461674
25259558
92523516
85791706
18776918
36003974
51780119
36484471
54205325
74313762
42386594
99732171
43305042
81963235
93067262
60484499
91977329
69015430
51737808
54168897
30994670
50285520
88768073
90067501
61561111
50371736
63305968
79259209
16103567
87942967
76142386
25590894
72103108
51939677
70857529
48318621
72056187
78318262
58814179
94913649
80045577
32750935
27616448
50328936
49611315
85783498
87077544
14252928
78968591
94942173
14928846
30589924
26905593
51107418
16962659
41982216
70915493
17234088
67943210
60486923
14408308
67369654
69178247
39812646
76268199
14826082
99850376
69644277
47763853
68164388
37745369
55630113
25531273
67799697
24271119
20417250
31258368
20934829
39405870
97592778
23429800
24339177
97440828
91310448
48472168
17959490
55820831
86313350
40268724
85227960
25325012
38102250
13561718
21507745
11223298
89292821
67859909
51608350
53083837
43063594
74020899
53827231
53062538
58567862
75928700
20197174
96050725
38963506
14658975
76178312
74859134
32461018
77745768
10818868
62711016
28511384
48220881
39553382
52879861
47171805
26472162
22769838
26997719
75602895
45844358
67288028
78659694
63774780
24237151
98659408
57384633
31204554
59982908
18277620
79870402
38271888
14380618
99007563
68768271
66275589
82597109
25180220
77026361
91397236
10031532
39381861
17766606
79454321
15718848
90100994
85395466
22529708
70782093
23139522
13498926
22891788
54129022
35587529
55906766
22401401
56999243
72875742
74831689
61682323
28275465
33975373
62632976
95176717
98913941
17034090
30228870
89361905
11248852
37847005
68703030
60848849
72742524
11812985
71790656
21420359
65141206
97922820
42723788
50858716
27328764
98402233
45202955
63294106
50930552
25884071
67832123
60977583
16130378
34564737
33936547
39945656
86599441
66121448
36992634
61968211
